name: csavp36
channels:
- conda-forge
- anaconda
- defaults
dependencies:
- _tflow_180_select=1.0=gpu
- _tflow_190_select=0.0.1=gpu
- absl-py=0.8.1=py36_0
- astor=0.8.0=py36_0
- backports=1.0=py_2
- backports.weakref=1.0rc1=py36_0
- blas=1.0=mkl
- bleach=1.5.0=py36_0
- cudatoolkit=9.0=h13b8566_0
- cudnn=7.6.4=cuda9.0_0
- cupti=9.0.176=0
- gast=0.3.2=py_0
- grpcio=1.12.1=py36hdbcaa40_0
- html5lib=0.9999999=py36_0
- libgfortran-ng=7.3.0=hdf63c60_0
- libprotobuf=3.10.1=hd408876_0
- markdown=3.1.1=py36_0
- mkl=2019.5=281
- mkl-service=2.3.0=py36he904b0f_0
- mkl_fft=1.0.15=py36ha843d7b_0
- mkl_random=1.1.0=py36hd6b4f25_0
- numpy=1.17.4=py36hc1035e2_0
- numpy-base=1.17.4=py36hde5b4d6_0
- protobuf=3.10.1=py36he6710b0_0
- six=1.13.0=py36_0
- tensorboard=1.9.0=py36hf484d3e_0
- tensorflow=1.9.0=gpu_py36h02c5d5e_1
- tensorflow-gpu=1.9.0=hf154084_0
- tensorflow-gpu-base=1.6.0=py36hcdda91b_1
- termcolor=1.1.0=py36_1
- werkzeug=0.16.0=py_0
- libblas=3.8.0=14_openblas
- libcblas=3.8.0=14_openblas
- liblapack=3.8.0=14_openblas
- libopenblas=0.3.7=h5ec1e0e_5
- scikit-video=1.1.11=pyh24bf2e0_0
- scipy=1.3.2=py36h921218d_0
- _libgcc_mutex=0.1=main
- ca-certificates=2019.11.27=0
- certifi=2019.11.28=py36_0
- libedit=3.1.20181209=hc058e9b_0
- libffi=3.2.1=hd88cf55_4
- libgcc-ng=9.1.0=hdf63c60_0
- libstdcxx-ng=9.1.0=hdf63c60_0
- ncurses=6.1=he6710b0_1
- openssl=1.1.1d=h7b6447c_3
- pip=19.3.1=py36_0
- python=3.6.9=h265db76_0
- readline=7.0=h7b6447c_5
- setuptools=42.0.2=py36_0
- sqlite=3.30.1=h7b6447c_0
- tensorflow-base=1.9.0=gpu_py36h6ecc378_0
- tk=8.6.8=hbc83047_0
- wheel=0.33.6=py36_0
- xz=5.2.4=h14c3975_4
- zlib=1.2.11=h7b6447c_3
prefix: /User/homes/crequ/.conda/envs/ArconSTF36

